9478995200
9471953300
9465668520
9452554787
9451078224
9438715827
9423225185
9403343205
9394768211
9392698498
9384168601
9376824383
9369968559
9364290741
9357404966
9352423375
9348032188
9350145698
9313526840
9305948196
9278161494
9257265375
9259877254
9257053029
9247415556
9253532571
9248023945
9225074847
9198832657
9247781179
9181453879
9176553638
9191514612
9002764900
9144673153
8930979307
9094342965
9045810406
9052855462
9024249475
8929707247
8929617805
8919933979
8885730416
8883036389
8921020808
8883827369
8736711789
8398588611
8651979469
8676683258
8237380697
8577819272
8343406673
8494646265
8172069784
8204896420
8229730407
8115060131
7688215848
7860451323
8012369395
7817454747
7741492351
6908295426
7186100088
7476095336
7548184070
7380539940
7224749551
7137486806
6782713035
6427851396
6664751609
5379924684
6860558751
6761245307
6793188892
5980132707
6707742384
6951848548
6288534239
5940387176
6838617429
5712564104
5787694800
5374451980
5786475659
5246433152
